0000000000000000 00001101 01110001 -- 3441 0D71
0000000000000000 00010010 11111110 -- 4862 12FE
0000000000000000 00100000 10001010 -- 8330 208A
0000000000000000 00100100 11111111 -- 9471 24FF
0000000000000000 00000110 11100001 -- 1761 06E1
0000000000000000 00010111 01110111 -- 6007 1777
0000000000000000 00010000 10100111 -- 4263 10A7 
0000000000000000 00000110 10111000 -- 1720 06B8
0000000000000000 00011111 11101000 -- 8168 1FE8
0000000000000000 00000000 00000100 -- 4    0004
 
Ordenada 
0000000000000000 001001001 1111111 -- 9471 24FF
0000000000000000 001000001 0001010 -- 8330 208A
0000000000000000 000111111 1101000 -- 8168 1FE8
0000000000000000 000101110 1110111 -- 6007 1777
0000000000000000 000100101 1111110 -- 4862 12FE
0000000000000000 000100001 0100111 -- 4263 10A7
0000000000000000 000011010 1110001 -- 3441 0D71
0000000000000000 000001101 1100001 -- 1761 06E1
0000000000000000 000001101 0111000 -- 1720 06B8
0000000000000000 000000000 0000100 -- 4    0004