00000000000000000000010100010011
00000000101000000000010110010011
11111110110000010000000100010011
00000000000100010010100000100011
00000001011000010010011000100011
00000001010100010010010000100011
00000001010000010010001000100011
00000001001100010010000000100011
00000000000001010000101010010011
00000000000001011000101100010011
00000000000000000000100110010011
00000001011010011100010001100011
00000000000000111100000001101111
11111111111110011000101000010011
00000010000010100100100001100011
00000000001010100001001010010011
00000000010110101000001010110011
00000000000000101010001100000011
00000000010000101010001110000011
00001100011100110100000001100011
00001100011100110000000001100011
00000000000001010000101010010011
00000000000001011000101000010011
00000000000010000100000011101111
11111111111110100000101000010011
00000000000000110000000011101111
00000000000110011000100110010011
00000000000000100100000011101111
00000000000000010010100110000011
00000000010000010010101000000011
00000000100000010010101010000011
00000000110000010010101100000011
00000001000000010010000010000011
00000001010000010000000100010011
00000000000000001000000001100111
00000000001001011001001100010011
00000000011001010000001100110011
00000000000000110010001010000011
00000000010000110010001110000011
00000000011100110010000000100011
00000000010100110010001000100011
00000000000000001000000001100111