00000000
01010000
00000001
00010011
00000000
11000000
00000001
10010011
11111111
01110001
10000011
10010011
00000000
00100011
11100010
00110011
00000000
01000001
11110010
10110011
00000000
01000010
10000010
10110011
00000010
01110010
10001000
01100011
00000000
01000001
10100010
00110011
00000000
00000010
00000100
01100011
00000000
00000000
00000010
10010011
00000000
00100011
10100010
00110011
00000000
01010010
00000011
10110011
01000000
00100011
10000011
10110011
00000100
01110001
10101010
00100011
00000110
00000000
00100001
00000011
00000000
01010001
00000100
10110011
00000000
10000000
00000001
11101111
00000000
00010000
00000001
00010011
00000000
10010001
00000001
00110011
00000010
00100001
10100000
00100011
00000000
00100001
00000000
01100011
00000000
00000000
00000000
00000000
00000000
00000000
00000000
00000000
00000000
00000000
00000000
00000000
00000000
00000000
00000000
00000000
00000000
00000000
00000000
00000000
00000000
00000000
00000000
00000000
00000000
00000000
00000000
00000000
00000000
00000000
00000000
00000000
00000000
00000000
00000000
00000000
00000000
00000000
00000000
00000000
00000000
00000000
00000000
00000000
