00000000000000000000010100010011
00000000001100000000010110010011
00000000001001011001001010010011
00000000010101010000001010110011
00000000000000101010001100000011
00000000010000101010001110000011
00000000011100101010000000100011
00000000011000101010001000100011
00000000000000000001000000010011
00000000000000000001000000010011
00000000000000000001000000010011
00000000000000000001000000010011
00000000000000000001000000010011
00000000000000000001000000010011
00000000000000000001000000010011
00000000000000000001000000010011
00000000000000000001000000010011